78 | 142 | 106 | 00:15:6d:5e:ec:7e
81 | 190 | 106 | 00:15:6d:5e:ec:7e
78 | 142 | 133 | 00:15:6d:5e:ec:7e
58 | 330 | 645 | 00:15:6d:5e:ec:7e
54 | 375 | 645 | 00:15:6d:5e:ec:7e
58 | 375 | 620 | 00:15:6d:5e:ec:7e
65 | 330 | 620 | 00:15:6d:5e:ec:7e
62 | 295 | 620 | 00:15:6d:5e:ec:7e
68 | 295 | 590 | 00:15:6d:5e:ec:7e
61 | 330 | 590 | 00:15:6d:5e:ec:7e
57 | 370 | 590 | 00:15:6d:5e:ec:7e
59 | 370 | 540 | 00:15:6d:5e:ec:7e
65 | 330 | 540 | 00:15:6d:5e:ec:7e
72 | 295 | 540 | 00:15:6d:5e:ec:7e
77 | 295 | 490 | 00:15:6d:5e:ec:7e
67 | 330 | 490 | 00:15:6d:5e:ec:7e
65 | 370 | 490 | 00:15:6d:5e:ec:7e
63 | 370 | 445 | 00:15:6d:5e:ec:7e
65 | 330 | 445 | 00:15:6d:5e:ec:7e
67 | 295 | 445 | 00:15:6d:5e:ec:7e
73 | 295 | 400 | 00:15:6d:5e:ec:7e
67 | 330 | 400 | 00:15:6d:5e:ec:7e
64 | 370 | 400 | 00:15:6d:5e:ec:7e
66 | 370 | 375 | 00:15:6d:5e:ec:7e
65 | 330 | 375 | 00:15:6d:5e:ec:7e
77 | 295 | 375 | 00:15:6d:5e:ec:7e
62 | 375 | 350 | 00:15:6d:5e:ec:7e
66 | 330 | 350 | 00:15:6d:5e:ec:7e
69 | 330 | 300 | 00:15:6d:5e:ec:7e
65 | 370 | 300 | 00:15:6d:5e:ec:7e
80 | 265 | 360 | 00:15:6d:5e:ec:7e
84 | 235 | 360 | 00:15:6d:5e:ec:7e
85 | 190 | 360 | 00:15:6d:5e:ec:7e
87 | 142 | 360 | 00:15:6d:5e:ec:7e
77 | 142 | 290 | 00:15:6d:5e:ec:7e
87 | 190 | 290 | 00:15:6d:5e:ec:7e
86 | 235 | 290 | 00:15:6d:5e:ec:7e
87 | 265 | 290 | 00:15:6d:5e:ec:7e
85 | 265 | 205 | 00:15:6d:5e:ec:7e
86 | 235 | 205 | 00:15:6d:5e:ec:7e
83 | 190 | 205 | 00:15:6d:5e:ec:7e
81 | 142 | 205 | 00:15:6d:5e:ec:7e
88 | 142 | 175 | 00:15:6d:5e:ec:7e
84 | 190 | 175 | 00:15:6d:5e:ec:7e
83 | 190 | 133 | 00:15:6d:5e:ec:7e
85 | 142 | 133 | 00:15:6d:5e:ec:7e