79 | 142 | 106 | f8:d1:11:8c:16:42
72 | 190 | 106 | f8:d1:11:8c:16:42
73 | 142 | 133 | f8:d1:11:8c:16:42
73 | 330 | 645 | f8:d1:11:8c:16:42
78 | 375 | 645 | f8:d1:11:8c:16:42
77 | 375 | 620 | f8:d1:11:8c:16:42
75 | 330 | 620 | f8:d1:11:8c:16:42
78 | 295 | 620 | f8:d1:11:8c:16:42
75 | 295 | 590 | f8:d1:11:8c:16:42
79 | 330 | 590 | f8:d1:11:8c:16:42
74 | 370 | 590 | f8:d1:11:8c:16:42
78 | 370 | 540 | f8:d1:11:8c:16:42
76 | 330 | 540 | f8:d1:11:8c:16:42
73 | 295 | 540 | f8:d1:11:8c:16:42
69 | 295 | 490 | f8:d1:11:8c:16:42
74 | 330 | 490 | f8:d1:11:8c:16:42
74 | 370 | 490 | f8:d1:11:8c:16:42
74 | 370 | 445 | f8:d1:11:8c:16:42
75 | 330 | 445 | f8:d1:11:8c:16:42
73 | 295 | 445 | f8:d1:11:8c:16:42
69 | 295 | 400 | f8:d1:11:8c:16:42
65 | 330 | 400 | f8:d1:11:8c:16:42
70 | 370 | 400 | f8:d1:11:8c:16:42
65 | 370 | 375 | f8:d1:11:8c:16:42
66 | 330 | 375 | f8:d1:11:8c:16:42
65 | 295 | 375 | f8:d1:11:8c:16:42
63 | 375 | 350 | f8:d1:11:8c:16:42
65 | 330 | 350 | f8:d1:11:8c:16:42
67 | 330 | 300 | f8:d1:11:8c:16:42
60 | 370 | 300 | f8:d1:11:8c:16:42
74 | 265 | 360 | f8:d1:11:8c:16:42
76 | 235 | 360 | f8:d1:11:8c:16:42
73 | 142 | 360 | f8:d1:11:8c:16:42
72 | 142 | 290 | f8:d1:11:8c:16:42
69 | 190 | 290 | f8:d1:11:8c:16:42
67 | 235 | 290 | f8:d1:11:8c:16:42
68 | 265 | 290 | f8:d1:11:8c:16:42
74 | 265 | 205 | f8:d1:11:8c:16:42
65 | 235 | 205 | f8:d1:11:8c:16:42
76 | 190 | 205 | f8:d1:11:8c:16:42
78 | 142 | 205 | f8:d1:11:8c:16:42
77 | 142 | 175 | f8:d1:11:8c:16:42
73 | 190 | 175 | f8:d1:11:8c:16:42
75 | 190 | 133 | f8:d1:11:8c:16:42
77 | 142 | 133 | f8:d1:11:8c:16:42