76 | 142 | 106 | f8:d1:11:79:52:90
70 | 190 | 106 | f8:d1:11:79:52:90
70 | 142 | 133 | f8:d1:11:79:52:90
68 | 330 | 645 | f8:d1:11:79:52:90
69 | 375 | 645 | f8:d1:11:79:52:90
70 | 375 | 620 | f8:d1:11:79:52:90
67 | 330 | 620 | f8:d1:11:79:52:90
67 | 295 | 620 | f8:d1:11:79:52:90
65 | 295 | 590 | f8:d1:11:79:52:90
58 | 330 | 590 | f8:d1:11:79:52:90
72 | 370 | 590 | f8:d1:11:79:52:90
65 | 370 | 540 | f8:d1:11:79:52:90
65 | 330 | 540 | f8:d1:11:79:52:90
61 | 295 | 540 | f8:d1:11:79:52:90
62 | 295 | 490 | f8:d1:11:79:52:90
63 | 330 | 490 | f8:d1:11:79:52:90
64 | 370 | 490 | f8:d1:11:79:52:90
65 | 370 | 445 | f8:d1:11:79:52:90
65 | 330 | 445 | f8:d1:11:79:52:90
64 | 295 | 445 | f8:d1:11:79:52:90
59 | 295 | 400 | f8:d1:11:79:52:90
59 | 330 | 400 | f8:d1:11:79:52:90
54 | 370 | 400 | f8:d1:11:79:52:90
52 | 370 | 375 | f8:d1:11:79:52:90
59 | 330 | 375 | f8:d1:11:79:52:90
58 | 295 | 375 | f8:d1:11:79:52:90
57 | 375 | 350 | f8:d1:11:79:52:90
62 | 330 | 350 | f8:d1:11:79:52:90
63 | 330 | 300 | f8:d1:11:79:52:90
66 | 370 | 300 | f8:d1:11:79:52:90
70 | 265 | 360 | f8:d1:11:79:52:90
71 | 235 | 360 | f8:d1:11:79:52:90
75 | 190 | 360 | f8:d1:11:79:52:90
74 | 190 | 360 | f8:d1:11:79:52:90
77 | 142 | 360 | f8:d1:11:79:52:90
73 | 142 | 290 | f8:d1:11:79:52:90
72 | 190 | 290 | f8:d1:11:79:52:90
83 | 235 | 290 | f8:d1:11:79:52:90
81 | 265 | 290 | f8:d1:11:79:52:90
81 | 265 | 205 | f8:d1:11:79:52:90
81 | 235 | 205 | f8:d1:11:79:52:90
82 | 190 | 205 | f8:d1:11:79:52:90
82 | 142 | 205 | f8:d1:11:79:52:90
81 | 142 | 175 | f8:d1:11:79:52:90
77 | 190 | 175 | f8:d1:11:79:52:90
81 | 190 | 133 | f8:d1:11:79:52:90
79 | 142 | 133 | f8:d1:11:79:52:90